7.7500000 45.8166122
7.8499999 45.9761925
7.9499998 46.0014801
8.0500002 46.0035896
8.1499996 46.1014290
8.2500000 46.1285629
8.3500004 46.0950470
8.4499998 46.1868553
8.5500002 46.2192917
8.6499996 46.2962227
8.7500000 46.3645210
8.8500004 46.4257812
8.9499998 46.4482613
9.0500002 46.4887161
9.1499996 46.5141907
9.2500000 46.5443993
9.3500004 46.5922012
9.4499998 46.5931969
9.5500002 46.6308022
9.6499996 46.6195869
9.7500000 46.6541939
9.8500004 46.6836548
9.9499998 46.7276726
10.0500002 46.7406921
10.1499996 46.7487144
10.2500000 46.8578796
10.3500004 46.2970886
